0 0 6 3 4 7 1 2 5 0
1 2 6 3 4 7 0 2 5 1
2 1 6 3 4 7 2 0 5 1
5 1 6 3 4 7 2 5 0 1
1 1 6 3 4 7 2 5 1 0
6 3 0 3 4 7 2 5 1 6
5 3 5 3 4 7 2 0 1 6
1 1 5 3 4 7 2 1 0 6
6 1 5 3 4 7 2 1 6 0
5 3 0 3 4 7 2 1 6 5
1 3 1 3 4 7 2 0 6 5
6 1 1 3 4 7 2 6 0 5
5 1 1 3 4 7 2 6 5 0
4 3 1 3 0 7 2 6 5 4
5 1 1 3 5 7 2 6 0 4
4 1 1 3 5 7 2 6 4 0
1 3 0 3 5 7 2 6 4 1
6 3 6 3 5 7 2 0 4 1
4 1 6 3 5 7 2 4 0 1
1 1 6 3 5 7 2 4 1 0
7 1 6 3 5 0 2 4 1 7
1 3 6 3 5 1 2 4 0 7
7 1 6 3 5 1 2 4 7 0
6 3 0 3 5 1 2 4 7 6
1 2 1 3 5 0 2 4 7 6
7 3 1 3 5 7 2 4 0 6
6 1 1 3 5 7 2 4 6 0
0.005998373031616211 48