6 0 6 3 0 1 4 2 6 5 7
6 0 6 3 1 0 4 2 6 5 7
6 0 6 0 3 1 4 2 6 5 7
5 0 5 7 3 1 4 2 6 5 0
6 0 6 3 1 5 4 2 6 0 7
4 0 4 3 1 5 4 2 6 7 0
5 0 5 3 1 5 4 2 0 6 7
5 0 5 0 1 5 4 2 6 7 3
4 0 4 1 0 5 4 2 6 7 3
4 0 4 3 1 5 4 2 6 7 0
4 0 4 1 5 0 4 2 6 7 3
4 0 4 1 0 5 4 2 6 7 3
5 0 5 1 6 5 4 2 0 7 3
4 0 4 1 0 5 4 2 6 7 3
5 0 5 0 1 5 4 2 6 7 3
5 0 5 1 5 7 4 2 6 0 3
4 0 4 1 5 7 4 2 6 3 0
4 0 4 1 5 0 4 2 6 7 3
5 0 5 1 6 5 4 0 2 7 3
4 0 4 1 6 5 4 3 2 7 0
5 0 5 1 5 7 4 2 6 0 3
5 0 5 1 5 4 0 2 6 7 3
4 0 4 1 5 4 3 2 6 7 0
4 0 4 1 5 0 4 2 6 7 3
5 0 5 1 6 5 4 2 7 0 3
4 0 4 1 6 5 4 2 7 3 0
5 0 5 1 6 5 4 2 0 7 3
5 0 5 1 6 5 0 2 7 3 4
4 0 4 1 6 5 4 2 7 3 0
5 0 5 1 6 5 4 2 7 0 3
5 0 5 1 6 5 3 2 7 0 4
4 0 4 1 6 5 3 2 7 4 0
5 0 5 2 1 5 4 0 6 7 3
4 0 4 2 1 5 4 3 6 7 0
5 0 5 1 6 5 3 2 0 7 4
5 0 5 1 6 5 3 2 7 0 4
5 0 5 0 1 5 4 2 6 7 3
5 0 5 2 0 5 4 1 6 7 3
4 0 4 0 2 5 4 1 6 7 3
3 0 3 1 2 5 4 0 6 7 3
2 0 2 1 2 5 4 3 6 7 0
3 0 3 3 2 5 4 1 6 7 0
3 0 3 1 2 0 4 3 6 7 5
3 0 3 1 2 5 4 0 6 7 3
4 0 4 1 2 5 4 6 0 7 3
3 0 3 1 2 5 4 0 6 7 3
4 0 4 0 2 5 4 1 6 7 3
4 0 4 3 2 0 4 1 6 7 5
4 0 4 3 2 5 4 0 6 7 1
3 0 3 3 2 5 4 1 6 7 0
4 0 4 1 2 4 0 3 6 7 5
3 0 3 1 2 4 5 3 6 7 0
3 0 3 1 2 0 4 3 6 7 5
4 0 4 1 2 0 5 3 6 7 4
4 0 4 1 2 4 5 0 6 7 3
3 0 3 1 2 4 0 5 6 7 3
2 0 2 1 2 4 3 5 6 7 0
2 0 2 1 2 0 4 5 6 7 3
3 0 3 1 2 4 5 3 6 7 0
3 0 3 1 2 4 0 5 6 7 3
3 0 3 1 2 7 4 5 6 0 3
2 0 2 1 2 7 4 5 6 3 0
2 0 2 1 2 0 4 5 6 7 3
3 0 3 1 2 4 0 5 6 7 3
3 0 3 1 0 2 4 5 6 7 3
2 0 2 1 2 0 4 5 6 7 3
3 0 3 1 2 7 4 5 6 0 3
3 0 3 1 2 0 4 5 6 3 7
2 0 2 1 2 3 4 5 6 0 7
0 0 0 1 2 3 4 5 6 7 0
