4 0 4 1 0 3 6 5 2 7 4
4 1 3 1 2 3 6 5 0 7 4
6 1 5 1 3 0 6 5 2 7 4
6 2 4 1 2 3 6 5 7 0 4
6 2 4 1 2 3 6 0 5 7 4
6 2 4 1 0 3 6 5 2 7 4
6 3 3 1 2 3 6 5 7 4 0
6 3 3 1 2 3 6 5 0 7 4
6 1 5 0 1 3 6 5 2 7 4
6 2 4 1 0 3 6 5 2 7 4
6 3 3 1 2 3 6 5 0 7 4
6 2 4 1 0 3 6 5 2 7 4
7 4 3 1 2 3 6 4 5 7 0
7 2 5 1 3 6 0 5 2 7 4
6 3 3 1 3 6 4 5 2 7 0
8 4 4 1 2 3 6 5 7 0 4
8 4 4 4 1 3 6 5 2 7 0
8 4 4 1 2 3 0 5 7 4 6
8 2 6 5 1 3 6 0 2 7 4
8 5 3 1 2 3 6 5 7 4 0
8 2 6 1 3 7 6 5 2 0 4
8 3 5 0 2 3 6 1 5 7 4
8 3 5 1 3 0 6 5 2 7 4
8 3 5 6 1 3 0 5 2 7 4
7 4 3 6 1 3 4 5 2 7 0
8 4 4 1 2 3 6 0 5 7 4
8 3 5 0 1 3 6 5 2 7 4
8 3 5 1 3 7 6 5 2 4 0
8 3 5 1 3 0 6 5 2 7 4
8 3 5 1 2 0 6 5 7 3 4
8 4 4 1 2 3 6 5 7 0 4
9 4 5 1 3 6 0 5 2 7 4
9 4 5 1 3 6 4 5 2 0 7
8 5 3 1 3 6 4 5 2 7 0
9 4 5 1 2 6 0 5 7 3 4
8 5 3 1 2 6 4 5 7 3 0
9 5 4 1 2 3 0 6 5 7 4
8 6 2 1 2 3 4 6 5 7 0
9 3 6 1 3 7 6 5 0 2 4
9 4 5 5 1 3 6 4 2 7 0
9 4 5 2 1 3 6 5 0 7 4
9 3 6 5 1 3 6 2 0 7 4
9 5 4 1 2 3 0 4 5 7 6
9 6 3 1 2 3 6 4 5 7 0
10 6 4 1 2 6 4 5 7 0 3
10 5 5 1 0 3 6 2 5 7 4
10 5 5 1 3 6 4 5 0 2 7
10 5 5 1 2 0 6 5 7 3 4
10 4 6 1 0 2 6 5 7 3 4
10 6 4 1 2 3 6 0 5 7 4
10 5 5 4 1 3 0 5 2 7 6
10 4 6 0 3 6 1 5 2 7 4
10 4 6 1 3 7 6 5 2 0 4
10 6 4 1 3 0 4 5 2 7 6
10 4 6 1 3 7 0 5 2 4 6
10 5 5 6 1 3 4 5 2 0 7
9 6 3 6 1 3 4 5 2 7 0
10 5 5 1 2 0 6 5 7 3 4
10 7 3 1 0 3 4 5 2 7 6
10 5 5 1 3 7 6 5 2 4 0
10 5 5 1 3 0 7 5 2 4 6
10 8 2 1 2 3 4 5 0 7 6
10 5 5 1 3 6 4 0 2 7 5
10 5 5 0 1 3 6 5 2 7 4
10 7 3 1 3 6 4 5 2 7 0
10 5 5 6 1 3 0 5 2 7 4
10 5 5 1 3 0 4 5 2 6 7
10 5 5 6 2 3 0 1 5 7 4
9 6 3 6 2 3 4 1 5 7 0
10 6 4 1 0 3 4 5 2 6 7
10 4 6 6 1 0 3 5 2 7 4
10 7 3 1 2 3 4 5 0 6 7
10 5 5 6 1 3 0 5 2 7 4
10 8 2 1 2 3 4 5 6 0 7
9 9 0 1 2 3 4 5 6 7 0
